w = 0.00
x: 
0.0000000000e+00
0.0000000000e+00
0.0000000000e+00
0.0000000000e+00
0.0000000000e+00
0.0000000000e+00
0.0000000000e+00
0.0000000000e+00
0.0000000000e+00
0.0000000000e+00
0.0000000000e+00
0.0000000000e+00
x* - x: 
1.0000000000e+00
2.0000000000e+00
3.0000000000e+00
4.0000000000e+00
5.0000000000e+00
6.0000000000e+00
7.0000000000e+00
8.0000000000e+00
9.0000000000e+00
1.0000000000e+01
1.1000000000e+01
1.2000000000e+01
vA = 1.0000000000e+00
k = 10000

w = 0.10
x: 
9.9942362700e-01
1.9993563730e+00
2.9993195574e+00
3.9993204352e+00
4.9993251751e+00
5.9993437407e+00
6.9994042388e+00
7.9993541318e+00
8.9993435690e+00
9.9993357270e+00
1.0999322234e+01
1.1999319948e+01
x* - x: 
5.7637299503e-04
6.4362701021e-04
6.8044261652e-04
6.7956483850e-04
6.7482485306e-04
6.5625927449e-04
5.9576120451e-04
6.4586820417e-04
6.5643097872e-04
6.6427304274e-04
6.7776605730e-04
6.8005202893e-04
vA = 5.9986692600e+01
k = 10000

w = 0.20
x: 
9.9961109871e-01
1.9995657198e+00
2.9995408789e+00
3.9995414712e+00
4.9995446694e+00
5.9995571963e+00
6.9995980167e+00
7.9995642076e+00
8.9995570805e+00
9.9995517891e+00
1.0999542685e+01
1.1999541142e+01
x* - x: 
3.8890128549e-04
4.3428018627e-04
4.5912110829e-04
4.5852883730e-04
4.5533058470e-04
4.4280366648e-04
4.0198326479e-04
4.3579240704e-04
4.4291952201e-04
4.4821086773e-04
4.5731512964e-04
4.5885756365e-04
vA = 5.9986692599e+01
k = 5211

w = 0.30
x: 
9.9961067127e-01
1.9995652425e+00
2.9995403743e+00
3.9995409672e+00
4.9995441690e+00
5.9995567096e+00
6.9995975749e+00
7.9995637286e+00
8.9995565937e+00
9.9995512965e+00
1.0999542182e+01
1.1999540638e+01
x* - x: 
3.8932873398e-04
4.3475751154e-04
4.5962573666e-04
4.5903281470e-04
4.5583104684e-04
4.4329036006e-04
4.0242509192e-04
4.3627139441e-04
4.4340634292e-04
4.4870350446e-04
4.5781777303e-04
4.5936190235e-04
vA = 5.9986692595e+01
k = 3472

w = 0.40
x: 
9.9961096237e-01
1.9995655676e+00
2.9995407179e+00
3.9995413104e+00
4.9995445098e+00
5.9995570411e+00
6.9995978758e+00
7.9995640548e+00
8.9995569252e+00
9.9995516320e+00
1.0999542525e+01
1.1999540982e+01
x* - x: 
3.8903763148e-04
4.3443244178e-04
4.5928207284e-04
4.5868959422e-04
4.5549022033e-04
4.4295891026e-04
4.0212419723e-04
4.3594519272e-04
4.4307480641e-04
4.4836800723e-04
4.5747546104e-04
4.5901843581e-04
vA = 5.9986692597e+01
k = 2603

w = 0.50
x: 
9.9961197141e-01
1.9995666943e+00
2.9995419092e+00
3.9995425001e+00
4.9995456912e+00
5.9995581900e+00
6.9995989188e+00
7.9995651855e+00
8.9995580744e+00
9.9995527949e+00
1.0999543711e+01
1.1999542172e+01
x* - x: 
3.8802859445e-04
4.3330566539e-04
4.5809084459e-04
4.5749990266e-04
4.5430882691e-04
4.4181001898e-04
4.0108121791e-04
4.3481449274e-04
4.4192561453e-04
4.4720508652e-04
4.5628891855e-04
4.5782789134e-04
vA = 5.9986692599e+01
k = 2082

w = 0.60
x: 
9.9961154633e-01
1.9995662197e+00
2.9995414073e+00
3.9995419989e+00
4.9995451935e+00
5.9995577060e+00
6.9995984794e+00
7.9995647092e+00
8.9995575903e+00
9.9995523050e+00
1.0999543211e+01
1.1999541671e+01
x* - x: 
3.8845367415e-04
4.3378034546e-04
4.5859267647e-04
4.5800108717e-04
4.5480651564e-04
4.4229401545e-04
4.0152059657e-04
4.3529082571e-04
4.4240973763e-04
4.4769499320e-04
4.5678877644e-04
4.5832943516e-04
vA = 5.9986692594e+01
k = 1734

w = 0.70
x: 
9.9961255611e-01
1.9995673473e+00
2.9995425994e+00
3.9995431895e+00
4.9995463758e+00
5.9995588557e+00
6.9995995232e+00
7.9995658407e+00
8.9995587403e+00
9.9995534688e+00
1.0999544399e+01
1.1999542862e+01
x* - x: 
3.8744388515e-04
4.3265272934e-04
4.5740056046e-04
4.5681050900e-04
4.5362424179e-04
4.4114426797e-04
4.0047683997e-04
4.3415928309e-04
4.4125968933e-04
4.4653120583e-04
4.5560134969e-04
4.5713800345e-04
vA = 5.9986692601e+01
k = 1486

w = 0.80
x: 
9.9961069519e-01
1.9995652692e+00
2.9995404025e+00
3.9995409954e+00
4.9995441970e+00
5.9995567369e+00
6.9995975996e+00
7.9995637554e+00
8.9995566209e+00
9.9995513241e+00
1.0999542210e+01
1.1999540666e+01
x* - x: 
3.8930480763e-04
4.3473079334e-04
4.5959749018e-04
4.5900460466e-04
4.5580303356e-04
4.4326311748e-04
4.0240036072e-04
4.3624458318e-04
4.4337909321e-04
4.4867592921e-04
4.5778963766e-04
4.5933367209e-04
vA = 5.9986692595e+01
k = 1299

w = 0.90
x: 
9.9961350092e-01
1.9995684023e+00
2.9995437148e+00
3.9995443034e+00
4.9995474819e+00
5.9995599315e+00
6.9996004997e+00
7.9995668994e+00
8.9995598163e+00
9.9995545577e+00
1.0999545510e+01
1.1999543977e+01
x* - x: 
3.8649908151e-04
4.3159768141e-04
4.5628516355e-04
4.5569655097e-04
4.5251805365e-04
4.4006851294e-04
3.9950025475e-04
4.3310056134e-04
4.4018365284e-04
4.4544231445e-04
4.5449034026e-04
4.5602324680e-04
vA = 5.9986692603e+01
k = 1155

w = 1.00
x: 
9.9961343756e-01
1.9995683316e+00
2.9995436400e+00
3.9995442287e+00
4.9995474078e+00
5.9995598593e+00
6.9996004343e+00
7.9995668284e+00
8.9995597442e+00
9.9995544847e+00
1.0999545435e+01
1.1999543902e+01
x* - x: 
3.8656244165e-04
4.3166843471e-04
4.5635996396e-04
4.5577125489e-04
4.5259223651e-04
4.4014065490e-04
3.9956574621e-04
4.3317156102e-04
4.4025581368e-04
4.4551533736e-04
4.5456484644e-04
4.5609800428e-04
vA = 5.9986692599e+01
k = 1039

w = 1.01
x: 
9.9961102627e-01
1.9995656389e+00
2.9995407934e+00
3.9995413857e+00
4.9995445846e+00
5.9995571138e+00
6.9995979418e+00
7.9995641264e+00
8.9995569980e+00
9.9995517056e+00
1.0999542600e+01
1.1999541057e+01
x* - x: 
3.8897373441e-04
4.3436108888e-04
4.5920663854e-04
4.5861425723e-04
4.5541540882e-04
4.4288615694e-04
4.0205815076e-04
4.3587359136e-04
4.4300203405e-04
4.4829436550e-04
4.5740032346e-04
4.5894304481e-04
vA = 5.9986692596e+01
k = 1028

w = 1.02
x: 
9.9961148764e-01
1.9995661541e+00
2.9995413380e+00
3.9995419297e+00
4.9995451248e+00
5.9995576392e+00
6.9995984187e+00
7.9995646434e+00
8.9995575234e+00
9.9995522374e+00
1.0999543142e+01
1.1999541601e+01
x* - x: 
3.8851235646e-04
4.3384587511e-04
4.5866195442e-04
4.5807027576e-04
4.5487522163e-04
4.4236083123e-04
4.0158125285e-04
4.3535658354e-04
4.4247657089e-04
4.4776262489e-04
4.5685778189e-04
4.5839867335e-04
vA = 5.9986692599e+01
k = 1018

w = 1.03
x: 
9.9961117973e-01
1.9995659206e+00
2.9995409963e+00
3.9995416554e+00
4.9995448061e+00
5.9995573401e+00
6.9995982068e+00
7.9995642978e+00
8.9995572757e+00
9.9995518910e+00
1.0999542870e+01
1.1999541272e+01
x* - x: 
3.8882026970e-04
4.3407942141e-04
4.5900371115e-04
4.5834458044e-04
4.5519393386e-04
4.4265991941e-04
4.0179321619e-04
4.3570222820e-04
4.4272429306e-04
4.4810902052e-04
4.5712962263e-04
4.5872817888e-04
vA = 5.9892596211e+01
k = 1008

w = 1.04
x: 
-2.0181707965e+14
2.2311284502e+14
-1.4980540917e+14
1.2286521289e+14
-6.6339137829e+13
-2.0373038261e+13
2.2365653374e+14
-2.2861202624e+14
1.8880169146e+14
-1.9813033258e+14
1.2960642807e+14
-1.0070193413e+14
x* - x: 
2.0181707965e+14
-2.2311284502e+14
1.4980540917e+14
-1.2286521289e+14
6.6339137829e+13
2.0373038261e+13
-2.2365653374e+14
2.2861202624e+14
-1.8880169146e+14
1.9813033258e+14
-1.2960642807e+14
1.0070193413e+14
vA = 2.9265095571e-01
k = 10000

