w = 0.00
x: 
0.0000000000e+00
0.0000000000e+00
0.0000000000e+00
0.0000000000e+00
0.0000000000e+00
0.0000000000e+00
0.0000000000e+00
0.0000000000e+00
0.0000000000e+00
0.0000000000e+00
0.0000000000e+00
0.0000000000e+00
x* - x: 
1.0000000000e+00
2.0000000000e+00
3.0000000000e+00
4.0000000000e+00
5.0000000000e+00
6.0000000000e+00
7.0000000000e+00
8.0000000000e+00
9.0000000000e+00
1.0000000000e+01
1.1000000000e+01
1.2000000000e+01
vA = 1.0000000000e+00
k = 10000

w = 0.10
x: 
9.9961183649e-01
1.9995667205e+00
2.9995418686e+00
3.9995424370e+00
4.9995456700e+00
5.9995582235e+00
6.9995989421e+00
7.9995653081e+00
8.9995581959e+00
9.9995530852e+00
1.0999544011e+01
1.1999542472e+01
x* - x: 
3.8816351253e-04
4.3327953055e-04
4.5813138696e-04
4.5756298275e-04
4.5433001749e-04
4.4177653025e-04
4.0105789628e-04
4.3469192216e-04
4.4180405865e-04
4.4691476981e-04
4.5598881956e-04
4.5752787305e-04
vA = 5.9800525248e+01
k = 9920

w = 0.20
x: 
9.9961342985e-01
1.9995686948e+00
2.9995438805e+00
3.9995444214e+00
4.9995476863e+00
5.9995602440e+00
6.9996007687e+00
7.9995673955e+00
8.9995603141e+00
9.9995554131e+00
1.0999546390e+01
1.1999544858e+01
x* - x: 
3.8657014718e-04
4.3130520750e-04
4.5611950753e-04
4.5557857848e-04
4.5231373563e-04
4.3975603203e-04
3.9923133077e-04
4.3260454515e-04
4.3968589610e-04
4.4458692971e-04
4.5360951638e-04
4.5514176858e-04
vA = 5.9481932380e+01
k = 4705

w = 0.30
x: 
9.9961703669e-01
1.9995729360e+00
2.9995482815e+00
3.9995487896e+00
4.9995520740e+00
5.9995645763e+00
6.9996046934e+00
7.9995717675e+00
8.9995647539e+00
9.9995601075e+00
1.0999551185e+01
1.1999549667e+01
x* - x: 
3.8296330687e-04
4.2706404867e-04
4.5171845789e-04
4.5121038493e-04
4.4792598250e-04
4.3542365623e-04
3.9530656211e-04
4.2823254270e-04
4.3524608756e-04
4.3989254079e-04
4.4881533195e-04
4.5033277572e-04
vA = 5.8992958298e+01
k = 2968

w = 0.40
x: 
9.9962213585e-01
1.9995788633e+00
2.9995544573e+00
3.9995549278e+00
4.9995582241e+00
5.9995706286e+00
6.9996101790e+00
7.9995778421e+00
8.9995709239e+00
9.9995665710e+00
1.0999557784e+01
1.1999556288e+01
x* - x: 
3.7786415435e-04
4.2113666927e-04
4.4554266250e-04
4.4507218985e-04
4.4177594880e-04
4.2937141309e-04
3.8982101957e-04
4.2215785673e-04
4.2907612456e-04
4.3342895946e-04
4.4221577253e-04
4.4371247249e-04
vA = 5.8287127875e+01
k = 2100

w = 0.50
x: 
9.9962763496e-01
1.9995852617e+00
2.9995611213e+00
3.9995615505e+00
4.9995648609e+00
5.9995771617e+00
6.9996161005e+00
7.9995844025e+00
8.9995775870e+00
9.9995735563e+00
1.0999564916e+01
1.1999563442e+01
x* - x: 
3.7236503595e-04
4.1473828505e-04
4.3887872186e-04
4.3844949554e-04
4.3513909801e-04
4.2283826457e-04
3.8389954902e-04
4.1559749709e-04
4.2241301152e-04
4.2644374310e-04
4.3508370011e-04
4.3655805297e-04
vA = 5.7308969107e+01
k = 1579

w = 0.60
x: 
9.9963511839e-01
1.9995938990e+00
2.9995701428e+00
3.9995705249e+00
4.9995738384e+00
5.9995859782e+00
6.9996240943e+00
7.9995932218e+00
8.9995865455e+00
9.9995828855e+00
1.0999574440e+01
1.1999572996e+01
x* - x: 
3.6488161282e-04
4.0610100185e-04
4.2985723929e-04
4.2947511823e-04
4.2616158253e-04
4.1402175901e-04
3.7590570377e-04
4.0677820812e-04
4.1345448534e-04
4.1711448704e-04
4.2555980023e-04
4.2700393638e-04
vA = 5.5994670116e+01
k = 1232

w = 0.70
x: 
9.9964702561e-01
1.9996074894e+00
2.9995843950e+00
3.9995847217e+00
4.9995880050e+00
5.9995998451e+00
6.9996366730e+00
7.9996070182e+00
8.9996005622e+00
9.9995973451e+00
1.0999589198e+01
1.1999587802e+01
x* - x: 
3.5297438682e-04
3.9251059924e-04
4.1560504315e-04
4.1527829195e-04
4.1199499265e-04
4.0015488087e-04
3.6332704496e-04
3.9298181088e-04
3.9943775900e-04
4.0265494629e-04
4.1080153125e-04
4.1219794530e-04
vA = 5.4274700226e+01
k = 985

w = 0.80
x: 
9.9966203120e-01
1.9996245543e+00
2.9996023139e+00
3.9996025789e+00
4.9996058098e+00
5.9996172547e+00
6.9996524678e+00
7.9996243086e+00
8.9996181298e+00
9.9996154107e+00
1.0999607636e+01
1.1999606299e+01
x* - x: 
3.3796879519e-04
3.7544567384e-04
3.9768608933e-04
3.9742109693e-04
3.9419016843e-04
3.8274533128e-04
3.4753217927e-04
3.7569136013e-04
3.8187019152e-04
3.8458930254e-04
3.9236412684e-04
3.9370058824e-04
vA = 5.2079330263e+01
k = 800

w = 0.90
x: 
9.9967913441e-01
1.9996439802e+00
2.9996227205e+00
3.9996229185e+00
4.9996260840e+00
5.9996370714e+00
6.9996704482e+00
7.9996439777e+00
8.9996381144e+00
9.9996359386e+00
1.0999628585e+01
1.1999627317e+01
x* - x: 
3.2086559483e-04
3.5601976611e-04
3.7727945371e-04
3.7708152453e-04
3.7391595906e-04
3.6292856063e-04
3.2955180136e-04
3.5602228554e-04
3.6188555817e-04
3.6406144336e-04
3.7141480535e-04
3.7268307418e-04
vA = 4.9347706500e+01
k = 656

w = 1.00
x: 
9.9970061939e-01
1.9996682984e+00
2.9996482981e+00
3.9996484228e+00
4.9996514867e+00
5.9996618754e+00
6.9996929572e+00
7.9996685547e+00
8.9996630871e+00
9.9996615116e+00
1.0999654681e+01
1.1999653498e+01
x* - x: 
2.9938061099e-04
3.3170163209e-04
3.5170186742e-04
3.5157721597e-04
3.4851328420e-04
3.3812457828e-04
3.0704277129e-04
3.3144529583e-04
3.3691289957e-04
3.3848840773e-04
3.4531872381e-04
3.4650157687e-04
vA = 4.6040153420e+01
k = 541

w = 1.10
x: 
9.9972684242e-01
1.9996978901e+00
2.9996794559e+00
3.9996795027e+00
4.9996824220e+00
5.9996920546e+00
6.9997203481e+00
7.9996984131e+00
8.9996934277e+00
9.9996924983e+00
1.0999686300e+01
1.1999685221e+01
x* - x: 
2.7315758089e-04
3.0210988754e-04
3.2054413661e-04
3.2049731820e-04
3.1757802027e-04
3.0794538376e-04
2.7965192715e-04
3.0158685389e-04
3.0657232544e-04
3.0750171803e-04
3.1370048256e-04
3.1477935857e-04
vA = 4.2151590465e+01
k = 447

w = 1.20
x: 
9.9975367893e-01
1.9997281824e+00
2.9997113454e+00
3.9997113122e+00
4.9997140853e+00
5.9997229468e+00
6.9997483878e+00
7.9997289813e+00
8.9997244889e+00
9.9997242257e+00
1.0999718672e+01
1.1999717699e+01
x* - x: 
2.4632107145e-04
2.7181760915e-04
2.8865459112e-04
2.8868784041e-04
2.8591472171e-04
2.7705324720e-04
2.5161223259e-04
2.7101873966e-04
2.7551105973e-04
2.7577427361e-04
2.8132779477e-04
2.8230051050e-04
vA = 3.7721859886e+01
k = 368

w = 1.30
x: 
9.9978587407e-01
1.9997644021e+00
2.9997495201e+00
3.9997494066e+00
4.9997519764e+00
5.9997598784e+00
6.9997819149e+00
7.9997654648e+00
8.9997615630e+00
9.9997619809e+00
1.0999757192e+01
1.1999756346e+01
x* - x: 
2.1412593495e-04
2.3559785866e-04
2.5047991013e-04
2.5059335678e-04
2.4802355925e-04
2.4012160654e-04
2.1808506507e-04
2.3453517772e-04
2.3843698026e-04
2.3801908168e-04
2.4280800233e-04
2.4365375409e-04
vA = 3.2837677903e+01
k = 301

w = 1.40
x: 
9.9982185751e-01
1.9998047774e+00
2.9997921125e+00
3.9997919238e+00
4.9997942418e+00
5.9998010413e+00
6.9998192897e+00
7.9998060749e+00
8.9998028320e+00
9.9998039055e+00
1.0999799962e+01
1.1999799257e+01
x* - x: 
1.7814249258e-04
1.9522261993e-04
2.0788751212e-04
2.0807622748e-04
2.0575822669e-04
1.9895867967e-04
1.8071033889e-04
1.9392506633e-04
1.9716802963e-04
1.9609449073e-04
2.0003823422e-04
2.0074258329e-04
vA = 2.7622102756e+01
k = 243

w = 1.50
x: 
9.9985449380e-01
1.9998414704e+00
2.9998307804e+00
3.9998305169e+00
4.9998326233e+00
5.9998384451e+00
6.9998532575e+00
7.9998430140e+00
8.9998403679e+00
9.9998420938e+00
1.0999838915e+01
1.1999838338e+01
x* - x: 
1.4550620118e-04
1.5852962296e-04
1.6921959135e-04
1.6948309043e-04
1.6737668981e-04
1.6155486947e-04
1.4674253510e-04
1.5698596107e-04
1.5963211314e-04
1.5790623157e-04
1.6108529194e-04
1.6166229869e-04
vA = 2.2210035007e+01
k = 191

w = 1.60
x: 
9.9997573436e-01
1.9999789448e+00
2.9999694679e+00
3.9999734525e+00
4.9999767917e+00
5.9999754872e+00
6.9999724988e+00
7.9999850714e+00
8.9999719305e+00
9.9999690629e+00
1.0999975375e+01
1.1999975024e+01
x* - x: 
2.4265635247e-05
2.1055169777e-05
3.0532065606e-05
2.6547480314e-05
2.3208328344e-05
2.4512831225e-05
2.7501173628e-05
1.4928615289e-05
2.8069524825e-05
3.0937100023e-05
2.4625091513e-05
2.4975701976e-05
vA = 3.8395608265e+00
k = 163

